598.672 444.944 592.075 432.079
295.915 55.4075 293.146 48.8616
427.44 282.533 420.487 271.988
676.28 193.669 677.961 180.294
367.633 398.121 366.866 385.928
239.167 405.867 237.839 394.171
214.812 105.802 213.898 99.7817
216.445 359.035 214.267 348.491
403.818 185.579 398.595 176.146
673.64 351.886 671.05 338.911
478.258 306.05 470.573 294.917
124.022 186.065 128.564 179.376
739.288 423.446 740.944 409.922
207.59 299.849 206.866 290.432
218.402 256.554 220.004 247.599
174.2 221.642 176.511 213.801
350.208 278.614 348.754 268.269
422.054 21.7392 414.977 13.7246
693.588 452.917 692.284 439.602
682.434 224.372 683.39 211.065
182.074 169.374 183.277 162.539
382.694 438.947 380.692 426.194
745.954 379.374 749.123 365.694
109.196 112.497 124.086 106.144
315.957 56.4654 312.008 49.7057
409.464 421.952 406.2 409.483
565.792 217.576 559.795 206.146
228.487 123.044 227.903 116.479
503.323 167.072 497.08 156.658
541.911 288.822 533.845 277.412
234.01 371.867 232.1 360.908
205.249 382.965 204.306 371.91
667.774 206.935 667.964 193.841
712.197 513.878 721.094 499.826
165.614 537.796 170.244 522.949
420.971 474.224 416.191 461.127
484.024 241.91 476.561 231.266
205.613 248.438 207.064 239.765
218.54 238.036 219.372 229.511
663.951 366.619 660.902 353.667
603.582 237.027 598.419 225.076
511.784 173.68 505.447 163.14
524.867 54.4058 517.2 44.388
230.617 237.493 231.676 228.758
474.77 60.8393 465.275 51.899
182.998 153.823 184.449 147.238
458.015 295.738 450.098 284.916
514.107 193.649 507.268 182.964
644.691 58.9371 648.65 45.4419
224.555 71.2712 228.133 64.9527
420.898 81.3001 410.914 73.1916
560.417 193.242 555.045 181.864
217.501 224.458 218.335 216.136
493.801 447.307 486.554 434.577
275.048 87.5821 272.953 80.9425
334.803 269.402 335.047 259.177
641.949 252.019 638.117 239.503
208.324 544.429 212.145 529.453
446.881 20.387 439.677 11.9476
482.941 143.893 475.265 134.027
490.203 318.261 482.354 306.982
314.903 333.378 316.706 322.258
526 480.248 517.482 467.213
370.358 306.741 366.926 296.07
493.081 458.497 485.466 445.659
450.207 50.9749 440.077 42.6867
383.13 309.102 378.648 298.401
609.256 51.4001 608.566 39.0158
274.377 474.135 276.457 460.7
247.764 86.8584 246.271 80.6543
514.761 83.4007 506.892 73.4329
352.734 39.1596 346.751 32.1214
186.282 404.019 186.308 392.56
454.123 498.232 449.003 484.755
537.252 149.096 532.218 138.225
482.534 110.608 473.855 101.09
642.647 299.671 639.901 286.936
361.484 89.8149 354.014 82.2786
581.678 270.798 573.817 259.195
642.692 309.021 640.12 296.247
448.806 65.9609 438.412 57.6329
609.884 419.864 608.069 406.84
272.863 420.644 272.944 408.453
299.927 483.714 303.073 470.088
440.629 363.942 433.209 352.452
723.182 439.692 723.864 426.292
503.133 217.82 495.389 207.272
245.708 474.605 247.817 461.302
316.641 21.1685 312.975 14.6898
711.599 403.461 710.721 390.11
404.201 257.135 399.81 246.886
417.968 479.773 413.403 466.508
600.375 80.4818 599.29 68.2763
463.77 516.641 458.132 503.063
433.864 136.495 425.039 127.622
359.053 141.939 351.197 133.879
397.07 58.3621 389.357 50.6551
370.233 298.817 366.743 288.16
168.238 187.655 170.34 180.504
160.215 476.139 163.387 462.907
482.286 49.2088 474.586 40.0439
483.688 105.852 474.925 96.3412
416.355 74.5525 406.186 66.6984
622.159 456.323 619.059 443.067
401.162 85.8312 390.972 78.1357
476.474 76.533 466.852 67.5694
170.86 432.773 172.298 420.521
584.446 219.758 578.347 208.062
330.486 272.873 329.864 262.636
505.296 518.815 498.03 505.363
511.797 467.556 503.38 454.626
258.24 113.495 256.167 106.818
660.104 343.115 656.854 330.344
658.407 352.845 655.236 340.051
525.721 239.125 518.304 228.042
133.252 197.404 137.417 190.456
435.769 23.9967 428.806 15.7472
200.875 310.481 200.338 300.822
519.017 92.2522 511.456 82.1055
469.926 84.3666 459.476 75.5769
173.362 303.331 176.612 293.697
439.707 76.4714 429.218 68.1072
206.742 307.639 206.059 297.993
372.586 54.8409 365.976 47.3264
365.739 410.935 365.163 398.623
242.582 135.204 240.961 128.257
398.581 324.746 392.88 313.877
731.68 438.831 732.938 425.261
371.366 137.452 363.999 129.18
395.754 37.6172 388.793 30.0303
189.568 154.665 190.647 148.059
598.689 249.822 592.954 237.984
240.19 399.627 238.953 387.963
254.395 248.328 255.385 239.243
531.976 452.74 522.818 439.981
241.635 128.104 240.281 121.243
165.549 487.937 168.581 474.282
389.432 73.0508 381.72 65.1989
430.471 428.34 425.837 415.731
313.833 176.087 309.55 167.949
520.375 178.578 513.79 167.992
629.083 494.618 627.483 481.039
551.472 472.721 542.136 459.761
221.188 550.028 224.939 535.063
508.505 178.51 501.95 167.895
768.236 378.626 778.238 364.423
558.982 263.488 551.518 251.937
433.604 201.375 428.217 191.346
480.512 477.274 473.881 464.109
176.485 293.196 179.323 283.76
253.005 118.274 251.178 111.424
245.233 433.199 246.067 420.857
258.732 59.1526 258.892 52.9531
529.565 166.875 523.224 156.032
371.229 104.737 362.825 97.1399
176.783 159.576 178.314 153.046
218.379 283.194 217.225 273.932
468.865 284.818 460.754 273.912
257.779 262.787 259.054 253.415
512.799 151.311 507.458 140.844
533.828 269.647 525.829 258.311
283.365 524.178 286.709 509.847
138.889 519.939 143.83 505.386
297.806 99.2035 294.398 92.2585
579.107 55.9889 575.199 44.6775
313.727 46.3731 309.901 39.8488
224.857 276.166 224.273 266.9
684.956 337.593 684.263 324.321
469.409 238.681 462.496 228.069
214.947 545.001 218.971 530.146
321.784 196.919 317.923 188.146
589.602 279.302 582.641 267.353
353.969 63.1279 348.195 55.7209
361.059 32.2195 354.866 25.2702
594.234 441.895 587.708 428.944
292.419 222.478 290.998 213.646
378.19 89.9465 370.087 82.1455
244.355 379.561 242.753 368.489
593.596 256.838 587.591 245.076
651.045 206.332 650.279 193.597
299.713 373.702 302.667 362.023
234.89 98.2125 234.033 92.0557
384.934 264.237 381.62 253.814
336.736 442.886 338.635 430.029
644.154 271.347 641.209 258.837
523.874 146.211 518.451 135.419
447.308 506.152 442.326 492.489
517.995 193.297 511.003 182.498
294.146 108.433 290.996 101.174
165.491 128.53 167.47 122.716
576.023 375.643 574.185 362.797
217.517 347.042 216.968 336.703
545.825 242.716 538.578 231.586
146.042 520.683 150.729 506.346
289.826 72.5123 286.6 66.0489
405.556 94.5182 395.388 86.4772
615.35 255.945 610.188 243.688
698.741 341.467 698.529 328.316
151.673 472.655 154.563 459.362
760.427 345.116 769.716 330.67
317.078 33.4643 312.909 27.0931
527.895 156.901 522.168 146.28
192.849 209.92 194.245 202.021
218.47 446.471 219.442 433.971
291.988 273.26 291.041 263.625
475.866 322.205 467.402 310.878
307.548 497.003 310.648 483.216
447.989 515.723 443.018 501.914
678.476 319.772 677.528 306.807
341.099 315.31 340.145 304.611
548.264 192.877 541.5 181.691
782.044 464.768 792.289 450.585
770.96 454.272 780.483 440.1
336.709 212.943 334.109 203.591
727.53 533.376 742.421 518.918
540.748 459.02 531.554 446.411
323.671 115.073 318.215 107.794
174.991 495.869 178.479 481.926
549.74 88.9608 543.96 78.0483
767.61 351.262 778.072 336.978
138.906 495.87 143.312 482.198
371.27 73.01 364.096 65.3442
548.563 416.206 543.605 403.381
651.34 184.794 651.92 171.939
324.671 308.058 324.911 297.205
397.423 68.5235 389.566 60.5287
586.3 111.746 585.458 99.8966
484.915 279.748 477.07 268.68
552.443 126.029 549.316 114.613
323.35 100.285 318.312 92.8527
729.55 381.226 730.165 367.63
209.782 150.148 209.839 143.195
378.967 97.5047 370.102 89.9777
380.024 197.8 375.057 188.66
375.791 340.645 371.879 329.328
569.46 68.1477 566.135 56.9488
480.186 492.232 473.241 478.837
599.347 184.523 595.774 172.403
414.361 66.8932 405.209 59.1008
186.889 376.946 186.631 365.894
576.175 321.854 573.882 309.617
314.312 71.4662 309.588 64.4888
468.979 168.778 462.11 159.017
540.33 470.182 531.23 457.483
304.962 208.66 302.258 200.079
672.461 248.111 671.595 235.249
384.991 26.1448 378.014 18.9621
360.082 410.181 359.421 397.661
604.086 100.559 604.866 88.2864
480.16 301.102 472.284 289.848
161.989 318.065 166.381 308.015
259.194 430.342 259.702 418.116
359.036 142.062 351.197 133.879
539.834 448.611 530.861 435.771
152.147 248.499 156.687 240.331
152.215 82.0485 163.827 76.0322
310.102 233.828 308.517 224.346
176.604 388.495 176.503 377.584
509.706 231.559 502.267 220.942
384.788 82.0474 376.296 74.5634
460.578 468.096 456.062 454.822
541.987 39.8787 537.185 29.0541
658.389 245.698 656.378 233.088
162.533 426.911 164.003 414.7
538.355 127.549 533.873 116.832
235.453 381.928 234.079 370.923
454.137 86.1677 443.906 77.3311
548.023 391.722 543.341 379.02
780.468 366.264 791.994 351.967
258.433 451.592 260.002 438.895
523.856 261.043 515.925 250.144
242.6 231.391 243.537 222.851
520.15 82.4135 512.302 72.6024
551.601 162.846 546.483 151.499
555.21 29.9807 550.042 19.3853
242.912 240.71 243.298 232.072
604.237 215.396 599.981 203.583
515.336 398.873 511.057 386.587
540.638 214.678 533.373 203.443
382.393 70.5599 375.466 62.6259
298.726 73.0136 295.206 66.5071
158.208 167.13 160.967 160.709
222.215 132.375 221.776 125.525
371.55 128.746 364.653 120.794
574.846 49.6344 570.523 38.563
239.016 206.323 238.514 198.426
367.518 81.6446 360.795 73.8237
531.855 252.498 523.976 241.171
591.923 63.4286 589.534 51.8076
266.834 280.526 265.924 270.679
160.571 444.506 162.678 431.819
352.232 92.2434 345.528 84.5655
252.326 74.9703 250.483 69.0792
412.26 455.392 408.665 442.251
609.57 494.517 603.743 481.476
494.144 169.066 487.973 158.953
804.23 544.576 824.826 530.478
786.385 344.934 800.007 330.371
328.976 482.865 331.967 469.409
556.562 278.514 548.161 266.849
552.502 71.0825 546.947 60.5167
711.705 410.221 710.596 397.162
101.514 463.148 106.751 449.962
332.526 38.9244 327.447 32.422
461.196 77.7911 451.203 69.2891
261.963 463.327 263.54 450.427
249.478 542.07 252.48 527.038
416.023 187.739 410.128 177.973
628.155 450.804 625.797 437.822
474.612 509.819 468.069 496.099
563.494 169.338 559.025 158.18
475.632 114.088 466.604 104.978
201.463 420.682 201.632 408.493
660.582 207.769 660.366 195.011
583.663 117.898 582.459 106.219
315.098 504.214 318.737 490.378
615.403 288.216 609.884 276.25
59.0011 120.519 78.418 114.554
150.25 433.432 151.178 421.597
121.027 36.9746 137.411 31.6985
243.75 487.866 245.961 474.487
674.895 219.068 675.379 206.115
308.842 496.082 312.228 482.415
599.493 23.5776 596.948 11.8986
119.258 536.278 124.901 521.11
268.009 177.515 267.303 169.225
656.185 366.794 652.559 353.675
439.383 246.114 432.549 236.099
574.119 232.102 568.276 220.76
394.079 23.2487 387.704 15.3848
259.668 411.676 259.176 399.436
186.788 192.461 187.727 184.88
400.647 101.16 390.464 92.9855
314.094 393.972 317.272 381.494
491.015 434.188 484.089 421.887
274.139 25.6515 273.4 19.8897
303.794 528.37 307.641 514.118
208.022 191.843 208.349 184.036
492.154 65.9103 482.855 56.9189
344.892 195.179 340.867 186.535
763.232 341.887 773.042 327.214
244.37 120.208 243.163 113.769
267.089 443.065 268.321 430.051
411.732 518.699 409.579 504.492
201.707 450.392 202.94 438.002
765.733 317.829 778.222 302.804
510.385 38.5382 503.74 29.0098
636.341 441.79 634.312 428.294
382.964 46.7048 376.099 39.4797
357.354 403.974 356.896 391.417
330.806 94.896 325.879 87.8341
208.875 135.407 208.866 129.181
294.52 302.863 293.491 292.316
757.772 369.955 767.008 356.031
261.41 534.258 263.688 519.977
441.266 377.336 433.788 365.942
498.519 156.12 491.934 146.172
468.317 450.733 461.713 437.68
520.961 457.867 511.895 445.45
529.379 55.5748 521.997 45.7751
731.154 199.689 742.034 185.099
462.554 247.262 455.374 236.462
534.833 105.856 528.852 95.5913
364.108 42.5295 357.828 35.6415
381.34 58.5325 374.729 50.5769
318.295 479.426 322.408 466.057
198.103 68.8177 204.333 63.021
164.286 23.3681 172.945 18.6071
111.802 162.754 118.143 156.178
446.472 44.1379 437.587 35.4259
450.555 38.5521 442.496 29.6853
196.483 547.921 200.541 532.547
337.025 201.4 333.685 192.744
185.62 110.497 186.637 104.989
464.948 199.504 458.393 189.016
474.415 365.305 466.893 353.913
115.975 81.4722 130.818 75.8638
675.597 513.32 678.554 499.877
203.733 231.498 204.339 222.944
380.62 396.972 378.974 385.149
228.201 213.173 228.045 204.706
234.781 63.5174 237.535 57.6039
229.164 93.0075 228.463 87.2511
543.849 129.377 540.094 118.649
784.374 400.232 794.546 386.329
575.085 236.457 567.328 224.665
166.588 153.253 168.293 146.526
194.524 484.558 197.169 471.4
622.309 159.703 621.401 147.566
156.305 104.049 166.41 97.9811
546.49 410.243 541.885 397.951
412.419 260.006 406.35 249.397
418.4 514.054 416.078 500.581
452.092 239.614 445.292 229.634
371.826 453.441 369.79 440.141
256.491 232.122 256.721 223.653
294.062 447.888 296.497 435.278
568.53 107.852 566.451 95.8962
514.958 480.788 506.974 467.375
633.146 260.193 627.491 247.57
520.38 59.2057 512.908 49.6316
248.796 550.136 252.029 535.54
395.809 28.1973 389.102 20.9677
512.599 151.827 507.458 140.844
607.923 68.601 607.313 55.882
555.042 414.307 551.523 401.123
336.67 406.894 338.288 394.114
641.237 374.461 637.907 362.014
221.116 86.0368 222.236 79.5308
483.177 366.119 475.665 353.942
570.123 65.3617 565.225 53.8032
662.521 417.495 661.203 404.702
298.693 363.114 301.462 351.111
277.979 330.325 279.55 319.934
384.004 215.5 379.778 206.29
217.948 218.398 218.11 209.862
240.05 68.7287 241.663 62.0312
232.082 24.6499 236.557 19.1524
347.47 252.961 345.802 243.43
634.378 291.04 630.547 278.963
637.866 98.1185 641.926 85.2072
792.787 388.52 806.463 374.369
302.654 291.874 302.003 281.251
220.388 153.878 220.604 147.271
291.849 239.669 291.213 230.836
242.673 420.155 242.436 407.626
776.334 516.213 794.897 501.356
671.395 458.59 668.214 444.926
303.77 389.688 307.015 377.134
465.455 417.774 458.764 405.905
595.942 88.7052 595.111 77.0638
484.391 329.9 475.883 319.048
620.856 84.87 623.46 71.4562
662.209 89.3503 670.658 74.5915
315.675 208.057 312.353 199.742
615.716 107.196 617.211 94.9839
615.989 145.96 615.104 133.052
639.563 79.5506 643.948 66.5961
596.418 161.116 594.3 149.57
506.756 248.514 499.462 238.103
127.251 54.22 142.032 49.0307
409.519 469.893 404.438 456.354
701.669 320.268 703.365 307.33
364.091 460.492 362.716 446.904
525.487 230.546 518.175 219.052
482.62 191.996 475.763 181.192
597.372 40.1632 594.775 28.8072
117.238 45.2226 133.263 40.2371
93.9774 159.321 103.875 153.523
292.598 63.9042 290.538 57.7619
574.275 390.038 571.629 377.835
448.364 82.1911 438.02 73.1374
604.677 278.242 598.077 265.703
580.568 555.658 577.024 542.289
426.447 57.6298 417.078 50.1302
268.931 33.564 270.368 26.6493
181.774 305.599 183.837 295.469
432.482 328.947 425.778 317.238
613.754 270.177 611.373 258.302
439.972 484.274 434.655 470.467
568.159 43.8827 563.118 33.4
256.173 390.091 254.899 378.033
477.304 222.674 469.747 211.708
535.729 203.85 529.117 192.272
556.729 173.914 551.841 163.223
474.849 425.166 467.952 412.139
652.025 65.7444 657.584 52.5178
503.777 227.67 495.754 216.412
116.887 161.779 121.799 155.033
778.164 372.851 789.864 359.011
572.15 123.551 570.055 112.523
604.116 256.246 599.05 244.826
611.994 519.763 611.678 505.383
81.0245 83.3708 98.6637 78.3411
598.055 103.465 599.57 90.352
112.073 40.9633 128.666 36.1915
546.673 75.7298 540.823 65.7224
704.692 418.651 703.617 404.7
587.562 88.0037 585.99 76.8014
311.926 361.738 314.025 350.835
660.657 257.448 658.703 245.315
678.634 186.744 680.84 173.979
123.215 126.105 137.036 120.091
435.409 28.4538 428.32 20.8347
540.334 47.684 533.369 36.6363
506.335 209.412 497.935 198.194
443.305 451.266 438.215 437.732
375.009 467.892 372.717 454.024
571.512 342.239 565.549 329.338
694.884 278.179 699.449 265.208
561.194 228.154 554.519 217.529
261.256 248.944 262.568 238.883
534.782 468.468 526.225 456.36
263.58 479.846 265.434 465.602
481.195 56.2408 472.667 47.8919
384.207 78.0968 374.005 69.9174
266.352 394.993 265.554 382.52
726.966 299.945 737.026 286.4
704.335 220.931 707.45 206.34
71.5194 312.131 90.8877 302.608
480.639 223.458 473.171 213.893
535.799 139.737 532.834 129.506
546.632 75.5091 540.823 65.7224
624.575 237.128 620.33 223.977
364.724 32.5395 358.047 26.379
277.227 188.097 275.503 178.974
99.3054 53.5517 116.685 48.9978
324.486 517.292 327.71 502.086
157.399 73.9108 170.743 68.4319
527.439 110.01 521.481 100.477
773.095 532.498 791.357 519.102
545.927 87.0129 540.43 75.2979
613.288 467.336 608.645 455.154
135.228 34.0191 149.875 29.4725
557.099 118.191 555.303 105.736
585.201 130.359 583.477 119.441
302.411 436.986 304.146 423.231
105.977 34.8815 124.018 30.4744
568.35 198.147 563.537 187.647
799.904 358.82 813.672 345.09
387.842 78.1452 376.615 71.896
412.15 434.02 407.737 420.387
536.101 94.2978 529.894 84.8499