368.034 230.484 370.318 226.812
164.807 205.08 193.044 197.855
561.83 240.969 555.179 240.679
375.85 176.394 378.778 173.174
247.089 276.243 247.636 270.072
151.883 207.737 180.358 200.296
46.5989 215.557 74.7509 206.556
407.706 209.821 408.98 206.911
400.03 275.603 399.85 272.259
280.582 238.908 281.32 233.79
611.232 229.221 600.71 229.826
586.631 210.245 579.253 210.328
380.749 260.893 381.051 257.273
544.149 237.563 539.696 236.914
539.952 220.199 536.616 219.438
136.837 155.513 165.55 148.505
433.292 205.73 434.685 203.232
363.068 189.786 366.076 186.321
486.918 210.574 488.997 208.821
401.547 247.13 402.343 243.922
586.908 200.256 579.875 200.284
397.773 265.399 397.89 262.038
354.617 256.816 354.691 252.746
465.306 206.516 467.169 204.495
615.272 223.682 604.757 224.366
577.537 222.605 570.254 222.594
117.686 225.147 145.285 217.054
370.367 220.597 372.697 216.991
378.465 198.611 381.114 195.258
347.412 292.001 341.808 287.613
401.493 173.654 404.768 170.807
405.269 254.753 405.652 251.563
462.293 166.819 465.609 164.782
425.489 172.119 427.568 169.56
433.99 279.577 434.044 276.814
456.564 196.628 458.679 194.415
568.005 215.31 562.057 215.024
125.51 149.393 154.27 142.315
242.236 285.854 242.375 279.508
406.642 269.56 406.704 266.32
370.215 268.534 370.34 264.635
103.003 223.672 131.52 215.378
385.017 205.755 387.624 202.438
322.355 187.326 324.52 183.398
16.1014 213.247 44.7153 203.922
435.963 225.753 436.965 223.16
189.088 264.952 192.44 257.826
370.699 208.69 373.315 205.262
474.802 280.415 475.423 278.397
345.531 203.251 348.074 199.367
162.674 225.164 190.754 217.763
112.875 255.914 139.317 247.382
328.525 192.934 331.329 188.889
467.511 199.222 469.271 197.145
433.922 174.751 436.167 172.402
371.792 226.978 374.297 223.305
405.684 222.198 406.624 219.124
623.615 256.878 610.943 257.731
31.6391 208.981 61.3921 199.763
406.328 229.903 407.089 226.802
207.144 265.409 210.112 258.575
542.582 200.015 539.646 199.19
399.489 221.842 400.687 218.661
284.232 239.41 284.881 234.263
624.525 268.747 611.098 269.831
306.704 267.78 306.719 262.704
455.041 221.877 456.566 219.556
566.135 198.704 560.992 198.29
349.05 217.101 351.94 213.116
128.121 226.693 156.083 218.792
388.376 273.146 389.386 269.489
357.54 208.045 360.327 204.255
551.381 182.26 548.288 181.526
533.874 146.882 533.797 145.756
309.467 177.89 311.783 173.94
48.4164 209.304 77.1473 200.529
464.043 277.425 464.657 275.162
320.771 177.881 323.792 173.823
507.453 222.138 507.1 220.672
31.2938 176.368 61.0975 167.721
324.692 206.874 327.504 202.593
366.192 177.05 368.885 173.581
225.291 266.105 227.826 259.537
446.701 285.479 446.679 282.851
576.855 207.397 570.529 207.156
547.942 170.573 545.707 169.716
623.79 198.447 613.266 199.025
398.432 195.669 400.367 192.535
385.253 219.468 387.699 215.984
365.566 249.811 366.528 245.847
433.613 195.852 435.276 193.207
604.075 262.301 593.166 263.037
428.101 282.36 428.349 279.691
406.316 240.003 406.644 236.756
320.012 218.292 322.999 213.765
344.502 220.073 347.567 215.899
18.1248 253.343 45.0454 243.425
269.552 170.325 272.091 166.061
551.447 259.719 545.244 259.053
398.715 182.334 400.787 179.2
55.2271 254.674 81.8267 245.356
238.62 241.334 241.171 235.257
316.958 244.698 319.033 239.863
615.986 193.45 606.295 193.784
590.819 141.449 592.459 140.801
287.26 205.938 288.553 201.066
581.332 148.379 582.474 148.14
309.407 177.057 311.751 173.264
379.779 242.21 381.171 238.933
111.996 218.705 140.473 210.836
261.305 228.282 262.275 222.718
128.715 179.797 156.988 172.132
551.392 149.491 550.143 148.457
324.116 275.052 324.201 270.595
131.832 205.498 160.483 197.511
57.1821 184.458 86.4416 175.815
37.4077 162.386 67.2203 153.89
540.635 174.917 539.109 173.772
617.315 253.16 605.348 253.656
484.543 266.348 484.971 264.892
413.087 178.062 415.111 175.037
488.838 281.405 488.283 279.397
597.212 182.57 589.741 182.407
126.419 195.987 155.006 187.999
51.6745 163.921 81.381 155.496
486.039 179.133 488.319 177.041
357.488 248.807 358.451 244.492
493.964 273.834 492.562 271.892
62.0027 163.506 91.4325 155.178
441.209 167.641 444.276 164.909
68.3923 162.866 97.6531 154.618
624.499 321.141 589.21 322.585
47.7258 184.051 77.4316 175.178
251.331 309.99 215.167 303.03
251.111 180.061 254.416 174.779
374.052 249.248 379.103 245.987
397.918 201.102 399.677 198.569
262.087 287.748 261.903 281.206
597.303 147.979 598.632 148.2
