236.273 45.4681 232.325 38.9437
227.475 142.827 221.722 140.777
345.272 267.762 230.733 280.986
189.615 134.322 185.011 132.902
439.012 292.501 479.928 305.106
387.451 210.54 471.9 212.823
227.87 315.066 392.195 305.05
207.534 337.106 174.518 342.759
231.113 101.606 227.029 97.8867
262.667 310.117 339.221 309.173
441.141 332.352 482.392 349.613
203.013 212.773 176.61 213.008
184.48 139.788 181.385 138.63
212.56 257.671 183.129 260.11
319.717 338.087 314.238 349.786
230.782 66.6346 230.944 61.955
251.545 311.868 392.195 305.05
215.482 179.466 198.668 178.638
364.93 168.532 449.572 169.355
396.289 215.273 477.953 217.962
216.166 360.255 266.169 358.043
219.561 329.964 188.711 336.021
37.6939 177.962 138.759 180.113
300.775 338.156 289.588 348.9
41.4901 165.505 141.078 168.743
200.62 250.998 172.008 252.81
318.406 309.466 373.887 313.448
205.08 30.2449 199.867 25.2152
325.862 315.522 322.973 325.587
200.889 66.2573 193.569 62.4754
291.924 345.62 278.956 356.376
234.792 192.267 222.683 191.846
400.62 209.403 487.89 211.634
279.52 241.419 271.097 244.568
243.261 283.328 212.895 288.163
237.634 120.437 230.974 116.933
379.164 261.635 397.474 269.072
350.24 304.588 354.187 314.851
241.992 327.14 215.52 333.968
225.761 192.544 210.24 192.419
271.119 316.4 256.401 324
412.148 322.392 450.973 336.232
279.285 342.097 262.462 351.612
267.935 269.544 246.948 274.582
223.53 36.4201 218.789 30.5244
270.319 302.052 248.491 308.855
45.7632 165.288 141.078 168.743
293.984 269.292 283.549 274.453
338.11 307.054 338.272 317.427
236.319 89.5848 234.251 85.0357
224.106 163.581 214.237 162.478
224.109 201.507 207.407 201.809
282.83 347.421 266.169 358.043
378.737 303.911 405.37 314.658
195.079 38.5793 189.838 34.7035
243.398 356.108 217.471 364.941
232.175 272.711 204.061 276.817
423.354 330.096 463.432 345.081
447.345 317.561 488.783 334.036
255.776 59.5723 255.438 52.5912
237.915 113.08 231.391 109.724
357.449 201.563 440.435 202.934
308.011 310.307 297.402 319.16
284.305 189.575 288.927 189.845
208.238 35.1987 202.641 30.3123
236.438 320.291 208.942 327.018
247.278 269.627 223.991 274.01
197.779 58.8389 193.042 54.8091
185.622 216.687 162.173 217.211
250.296 47.586 248.84 40.8739
270.874 61.3451 275.724 54.7903
305.257 305.136 292.86 313.508
294.592 157.363 298.299 154.847
439.72 302.178 481.043 316.278
375.684 254.535 394.577 261.328
351.569 232.073 368.299 236.157
405.989 204.632 493.959 206.455
209.671 340.248 176.635 346.576
318.406 309.466 316.617 318.946
293.65 315.123 282.26 323.247
244.455 257.554 223.407 260.292
88.8401 186.314 83.4076 185.344
233.497 357.322 203.986 364.999
193.382 98.8264 192.707 96.3036
431.962 296.976 471.878 309.123
206.296 112.158 203.724 109.345
188.839 65.143 183.308 62.554
259.942 79.96 261.282 73.7996
279.878 101.42 287.724 96.0718
229.363 156.082 221.272 154.974
366.685 247.755 383.688 252.688
142.37 273.841 128.069 274.159
305.556 343.784 295.423 355.741
238.677 258.099 223.407 260.292
265.124 44.6516 270 37.8052
307.16 246.372 305.603 249.714
254.163 81.8311 253.603 77.0504
237.586 153.858 230.937 151.393
189.36 291.022 149.432 293.695
245.372 360.464 218.572 368.822
233.559 298.939 276.34 299.88
254.616 131.983 249.069 128.11
293.213 293.102 276.34 299.88
212.044 324.069 179.608 330.144
190.9 310.492 150.496 313.983
219.718 75.0325 214.822 71.3918
183.96 127.102 183.925 126.678
191.868 353.961 155.042 358.716
196.729 274.922 162.336 276.877
396.1 282.637 15.0959 322.58
51.3306 172.415 149.479 175.797
325.548 331.581 322.212 342.198
260.637 152.966 254.227 151.532
181.883 77.2277 179.568 74.252
412.065 330.842 451.148 344.379
188.914 341.322 151.469 345.378
270.296 347.783 251.395 356.465
313.871 303.91 339.221 309.173
277.242 256.889 265.774 259.975
163.993 273.029 140.215 274.832
225.115 163.017 214.237 162.478
356.321 184.38 443.155 184.805
269.838 81.1542 273.359 74.3637
271.119 316.4 208.942 327.018
174.316 102.716 174.591 100.606
253.202 83.1677 253.603 77.0504
384.444 167.134 471.382 166.767
301.293 162.93 305.766 160.121
374.651 167.452 460.238 167.09
200.675 324.775 164.765 328.703
250.862 288.434 237.269 292.017
182.735 59.9333 179.071 56.1707
387.539 300.548 403.533 311.237
