596.078 94.8131 593.396 119.536
176.003 280.357 159.378 299.989
396.839 57.3282 395.174 79.1467
633.712 67.5164 631.711 92.843
140.842 157.033 125.764 175.705
101.922 323.351 63.8492 342.721
524.029 348.956 511.169 371.894
416.189 68.3496 413.432 90.4803
323.136 268.683 312.763 289.813
270.852 97.0907 269.981 117.188
370.578 310.028 357.189 331.653
450.666 50.3703 447.014 72.9818
156.396 372.016 114.499 392.164
231.889 208.052 220.545 228.074
437.816 120.174 433.952 142.663
134.152 361.183 92.7717 381.066
506.123 283.75 494.918 306.81
634.735 355.06 619.732 378.989
570.728 111.816 566.141 136.139
464.373 81.2399 460.339 104.078
307.177 286.786 296.96 307.715
367.562 264.332 355.413 286
376.17 174.214 366.514 195.942
638.816 359.46 623.722 383.387
469.6 112.303 463.058 135.272
422.909 107.987 419.07 130.292
460.058 145.784 455.04 168.606
511.9 289.156 499.886 312.254
452.053 102.081 447.665 124.797
459.411 190.286 453.765 213.005
521.021 358.759 508.544 381.574
530.637 84.6977 524.508 108.54
584.863 232.112 572.774 256.32
212.366 324.003 177.373 344.465
524.302 58.0532 518.402 81.8151
523.717 142.166 516.583 165.863
419.963 100.229 415.93 122.505
175.407 265.653 159.233 285.19
309.782 268.424 299.893 289.357
325.016 166.289 316.486 187.314
498.329 146.186 492.601 169.542
109.95 336.06 70.5618 355.637
422.977 194.866 415.616 217.124
118.203 337.747 78.6598 357.418
599.211 75.3558 596.591 100.215
508.981 122.852 503 146.283
395.296 176.038 386.798 198.069
285.453 161.636 277.136 182.124
544.636 94.4093 537.914 118.476
219.95 88.1626 220.142 107.542
336.175 104.624 334.327 125.735
407.838 317.765 398.004 339.737
308.902 275.288 299.139 296.19
373.436 221.051 362.6 242.845
370.168 278.476 357.597 300.207
450.064 89.2764 445.881 111.866
80.5218 271.054 60.8196 289.578
434.619 373.457 424.35 395.463
546.843 35.5852 541.133 59.7162
491.15 294.955 480.809 317.878
453.087 164.256 446.707 187.035
602.249 59.2368 599.754 84.1919
239.198 199.954 228.191 219.961
368.341 136.079 359.229 157.752
584.098 106.51 580.663 131.117
416.87 199.53 409.171 221.685
246.059 145.224 236.611 165.282
265.814 211.824 255.21 232.176
156.345 325.37 119.39 345.36
201.192 324.548 165.978 344.956
529.866 54.2379 523.777 77.9653
557.068 131.762 550.81 155.796
284.002 170.067 275.705 190.527
613.565 157.394 609.091 182.251
580.502 160.301 576.347 184.722
205.256 237.031 192.17 256.919
516.775 20.5794 512.31 44.2562
124.795 369.522 83.559 389.443
641.771 347.84 626.375 371.823
512.456 39.8389 507.54 63.4729
413.676 181.692 406.379 203.992
158.788 359.218 118.429 379.419
377.728 319.452 364.942 341.017
244.678 232.464 233.107 252.594
235.017 86.21 235.24 105.844
168.1 211.42 152.856 230.818
345.67 75.9792 344.001 97.1959
139.267 142.596 124.915 161.046
460.816 131.409 456.214 154.114
270.489 185.336 261.24 205.865
394.556 70.3572 392.048 92.0619
451.709 178.125 446.446 200.904
529.671 25.4597 524.233 49.1342
326.46 129.314 324.539 150.404
164.846 384.431 122.036 404.82
218.819 143.518 207.72 163.015
101.776 132.164 85.3128 150.033
647.926 142.941 645.174 168.087
184.769 174.883 172.004 194.328
637.021 83.5881 635.138 109.045
463.879 73.7862 459.408 96.5015
94.6794 374.227 50.4112 393.992
238.795 146.639 227.348 166.407
447.938 192.917 440.768 215.398
276.497 157.157 268.02 177.435
32.883 197.799 10.4022 215.272
74.8767 129.656 58.2603 147.116
393.234 338.277 381.161 360.165
98.0393 224.999 78.7389 243.413
492.242 47.5296 487.334 70.6244
617.986 79.7373 615.444 104.951
577.022 168.175 572.788 192.292
369.34 174.78 359.126 196.299
559.743 186.754 552.245 210.62
130.089 337.045 91.3079 356.62
356.579 74.2811 354.079 95.6948
441.966 82.9371 437.876 105.616
374.636 294.484 362.129 316.32
552.898 18.3391 547.568 42.6392
258.098 228.7 246.862 248.925
271.537 307.127 259.957 327.868
524.948 232.59 516.06 255.885
404.84 69.3223 402.54 91.4422
307.626 117.607 305.789 138.134
102.806 218.835 83.5675 237.255
271.172 82.8611 270.322 103.066
151.292 289.299 134.945 308.843
610.732 150.861 606.43 175.784
33.8841 190.291 11.3925 207.694
149.334 147.27 134.173 165.832
576.694 187.305 572.334 211.658
495.405 249.172 487.818 272.035
426.776 141.722 420.242 164.266
152.274 384.987 108.94 405.336
628.16 155.229 624.472 180.013
628.587 162.186 624.67 186.939
609.651 83.4585 606.66 108.589
267.41 159.556 258.311 179.676
381.471 202.513 371.568 224.528
432.531 250.121 424.434 272.264
506.717 28.9741 501.611 52.6083
246.635 166.158 236.542 186.421
63.3339 370.022 18.1103 389.565
69.9551 146.807 51.3697 164.286
646.117 87.502 644.009 112.753
294.1 80.3099 292.987 100.479
444.399 303.535 435.124 326.058
375.48 205.233 364.848 226.786
241.72 239.22 230.09 259.635
472.702 271.784 465.11 294.695
418.165 177.337 410.981 199.388
211.174 162.073 201.52 181.448
134.941 381.206 92.4144 401.401
361.736 246.311 350.089 267.695
206.365 88.4784 211.77 107.81
94.3181 266.873 74.7612 285.816
463.987 347.893 453.637 370.449
110.019 326.77 71.4151 346.025
471.88 377.533 461.229 400.014
453.043 71.4117 449.193 94.3265
431.524 154.423 424.445 176.622
188.409 141.752 176.652 161.192
299.962 96.0098 298.498 116.763
371.691 90.4283 369.104 112.198
432.134 71.0623 429.425 93.6795
528.101 277.466 516.512 300.556
315.875 78.0008 314.165 98.9307
307.99 171.449 299.685 192.055
530.501 132.186 524.174 155.697
518.609 209.454 510.915 233.147
55.5293 219.764 35.0592 237.535
384.335 167.63 375.245 189.215
41.658 178.265 20.3372 196.095
442.693 63.6107 438.957 86.3968
366.536 73.3941 364.888 95.0751
212.1 88.3267 211.77 107.81
201.76 283.259 187.915 303.407
452.643 187.915 447.114 210.855
279.552 146.737 270.878 167.443
607.281 373.698 592.776 396.953
502.621 84.1367 497.117 107.83
98.7309 360.459 56.2007 380.323
567.905 354.795 554.343 378.395
492.732 35.4706 488.706 58.9903
103.015 255.607 83.1748 274.671
515.07 329.006 502.546 352.258
547.654 26.6109 542.326 50.975
528.176 358.967 515.405 382.171
132.942 199.367 116.691 218.476
353.163 168.726 343.771 189.874
436.984 319.294 427.491 341.785
118.23 174.234 101.722 192.42
457.081 101.687 452.772 124.756
97.8487 250.415 78.1965 268.794
442.62 197.681 434.857 219.92
82.7423 215.597 63.8412 234.221
538.872 83.4321 532.535 107.678
151.256 82.9272 153.514 101.53
69.7732 300.506 32.3199 319.1
123.156 200.926 105.688 219.96
244.926 217.092 233.463 237.615
462.931 262.511 455.94 284.809
433.668 133.07 428.635 155.849
155.573 208.74 140.483 227.537
452.638 226.687 446.246 249.618
111.362 278.585 91.9781 297.211
369.452 240.672 357.874 262.016
207.192 191.598 194.45 211.614
337.471 132.09 335.227 153.565
378.89 58.3593 376.319 79.5637
503.832 276.465 492.265 299.9
124.935 215.532 107.698 234.693
304.166 278.455 293.795 299.733
399.667 183.453 391.375 205.128
626.566 124.442 623.583 149.14
563.672 162.841 557.458 186.603
607.072 385.026 592.252 408.108
461.12 164.278 455.841 186.709
433.507 220.07 425.517 242.846
537.636 25.4496 532.783 49.7365
516.807 73.0202 510.772 97.0094
132.522 216.383 116.047 235.651
224.382 93.7841 224.279 113.572
533.554 32.4654 528.193 56.6968
299.068 109.463 298.118 129.622
588.247 194.141 584.032 218.056
126.324 356.601 85.2162 376.788
326.765 102.723 325.057 124.025
591.803 369.452 577.917 393.266
416.535 328.101 406.568 350.46
90.5396 189.006 72.3062 207.642
134.599 370.653 92.5892 390.992
557.375 132.069 550.81 155.796
437.819 74.8574 434.135 97.7221
367.64 63.0432 366.21 84.8454
201.908 266.67 188.403 286.917
633.192 67.1121 631.711 92.843
489.431 278.77 480.125 302.074
531.473 160.73 523.447 184.044
524.669 32.195 519.026 56.3323
617.374 66.1776 615.171 90.8493
457.763 127.295 452.366 149.651
146.842 130.453 131.871 148.62
476.472 359.945 466.889 382.736
267.129 168.869 258.268 188.775
447.065 228.396 438.745 250.526
166.247 282.377 149.994 301.473
570.518 80.2595 565.573 104.22
508.344 162.87 501.291 185.856
82.4106 340.564 42.9487 360.286
46.0271 75.1369 27.6744 92.296
523.928 161.616 517.034 184.787
364.924 161.021 354.959 182.157
483.056 344.812 474.166 366.85
212.886 144.266 200.243 163.353
365.262 212.274 354.37 234.383
438.026 228.535 429.876 250.5
264.15 239.376 252.884 260.351
556.991 98.6476 550.812 122.31
270.813 238.943 260.309 259.99
409.188 200.676 401.2 222.297
587.315 351.532 572.387 374.554
379.194 342.324 366.011 364.468
491.785 255.908 484.01 278.36
86.2567 361.165 43.0091 380.121
453.838 375.956 443.577 398.579
558.651 35.142 553.6 59.9192
575.215 69.781 572.551 94.7838
66.0556 305.965 27.63 324.34
489.929 300.672 480.725 322.922
130.27 112.817 118.302 130.493
248.195 240.776 236.04 261.63
532.34 98.1523 526.066 121.416
314.855 286.297 304.936 306.727
407.713 103.725 404.119 125.196
232.122 262.11 220.235 282.851
359.638 285.899 347.77 308.032
383.541 182.191 373.895 204.638
242.59 131.718 234.999 152.196
501.258 56.4589 495.71 80.4559
466.343 97.4224 462.256 119.696
333.173 77.611 331.726 99.1619
431.195 181.215 423.952 203.008
497.977 396.148 484.84 417.922
533.22 385.38 520.025 408.806
461.681 330.98 452.19 354.01
424.448 219.923 417.191 241.545
525.019 97.2873 518.367 120.338
581.345 132.349 577.247 156.092
112.698 224.664 94.5664 244.07
98.2558 258.996 78.2984 278.444
500.17 36.3393 494.537 58.9768
587.293 123.579 583.724 147.39
145.761 136.782 130.913 154.669
602.504 142.951 598.872 166.899
449.154 240.684 439.454 264.006
557.97 158.087 550.824 181.393
444.167 395.234 432.043 417.953
470.318 310.655 462.39 333.963
638.965 125.345 636.623 151.377
460.205 285.328 452.057 308.698
556.696 115.28 550.826 138.576
76.0986 344.382 36.98 364.462
504.422 217.867 496.885 240.247
76.2021 220.37 56.7905 237.762
376.217 192.606 366.073 213.49
257.852 248.269 246.221 267.78
523.803 120.797 516.765 145.402
474.07 295.824 466.166 317.539
181.98 202.442 167.077 220.943
429.767 360.961 420.082 383.84