37.6939 177.962 138.759 180.113
231.113 101.606 227.029 97.8867
223.53 36.4201 218.789 30.5244
318.406 309.466 316.617 318.946
447.345 317.561 488.783 334.036
387.451 210.54 471.9 212.823
230.782 66.6346 230.944 61.955
41.4901 165.505 141.078 168.743
227.475 142.827 221.722 140.777
305.556 343.784 295.423 355.741
200.889 66.2573 193.569 62.4754
279.52 241.419 271.097 244.568
232.175 272.711 204.061 276.817
267.935 269.544 246.948 274.582
208.238 35.1987 202.641 30.3123
212.044 324.069 179.608 330.144
205.08 30.2449 199.867 25.2152
195.079 38.5793 189.838 34.7035
200.62 250.998 172.008 252.81
250.296 47.586 248.84 40.8739
225.761 192.544 210.24 192.419
237.634 120.437 230.974 116.933
236.438 320.291 208.942 327.018
212.56 257.671 183.129 260.11
224.109 201.507 207.407 201.809
236.273 45.4681 232.325 38.9437
357.449 201.563 440.435 202.934
236.319 89.5848 234.251 85.0357
271.119 316.4 256.401 324
209.671 340.248 176.635 346.576
237.915 113.08 231.391 109.724
375.684 254.535 394.577 261.328
243.261 283.328 212.895 288.163
282.83 347.421 266.169 358.043
265.124 44.6516 270 37.8052
197.779 58.8389 193.042 54.8091
163.993 273.029 140.215 274.832
193.382 98.8264 192.707 96.3036
364.93 168.532 449.572 169.355
188.839 65.143 183.308 62.554
350.24 304.588 354.187 314.851
206.296 112.158 203.724 109.345
255.776 59.5723 255.438 52.5912
279.878 101.42 287.724 96.0718
325.862 315.522 322.973 325.587
384.444 167.134 471.382 166.767
300.775 338.156 289.588 348.9
291.924 345.62 278.956 356.376
219.561 329.964 188.711 336.021
270.319 302.052 248.491 308.855
229.363 156.082 221.272 154.974
259.942 79.96 261.282 73.7996
374.651 167.452 460.238 167.09
244.455 257.554 223.407 260.292
254.616 131.983 249.069 128.11
308.011 310.307 297.402 319.16
356.321 184.38 443.155 184.805
305.257 305.136 292.86 313.508
207.534 337.106 174.518 342.759
307.16 246.372 305.603 249.714
431.962 296.976 471.878 309.123
174.316 102.716 174.591 100.606
260.637 152.966 254.227 151.532
279.285 342.097 262.462 351.612
293.65 315.123 282.26 323.247
293.213 293.102 276.34 299.88
423.354 330.096 463.432 345.081
269.838 81.1542 273.359 74.3637
253.202 83.1677 253.603 77.0504
293.696 284.067 277.778 292.006
189.36 291.022 149.432 293.695
26.4316 197.187 128.27 198.526
196.729 274.922 162.336 276.877
325.028 320.325 322.114 332.465
393.293 168.998 482.236 167.926
447.322 323.243 489.353 341.665
325.548 331.581 322.212 342.198
306.342 247.088 305.603 249.714